task = SST2
mcc = 0.9012652414368602
recall = 0.9542056074766355
precision = 0.9579144886744404
F1 = 0.9560564510735069
accuracy = 0.9512249443207127
tp = 7147
tn = 5666
fp = 314
fn = 343
eval_loss = 0.25251025495119844
