task = SST2
mcc = 0.9012652414368602
tp = 7147
tn = 5666
fp = 314
fn = 343
eval_loss = 0.25251025495119844
